favorite 表: 字段更改, 新增 用户的收藏列表, 需要区分 收藏类别(店铺还是商品, 目前只有商品)

15527968951
13003721959
15002297337
13636189311
15305287218
13636265581
13339863082
13117109268
13264890489
13304234320
13451256020
13800104019
13235679459
15905496605
18972482508
14707140300
15549450933
14537038365
15006398675
18972464287
14765594448
13593772796
15607440961
14765618631
13593763387
15549051059
15327943155
13202774160
13304815696
18271905838
13429967454
13545027312
13401210919
15306640025
13597904128
13227616173
13451241039
15605628677
15549431944
13701347477
